[0.49108248949050903, 0.5450828075408936, 0.5489739775657654, 0.7150723934173584, 0.425141841173172]
[0.5060974359512329, 0.45595136284828186, 0.5387648344039917, 0.4619244337081909, 0.46766358613967896]
[0.6282627582550049, 0.4153515696525574, 0.6150466799736023, 0.39439302682876587, 0.5898032188415527]
[0.49949929118156433, 0.41273465752601624, 0.5301716923713684, 0.44890400767326355, 0.41225549578666687]
[0.48149800300598145, 0.6516280770301819, 0.5443804860115051, 0.6876600384712219, 0.4892139732837677]
[0.6066930890083313, 0.6841586828231812, 0.4669422507286072, 0.6823098659515381, 0.7142362594604492]
[0.628628671169281, 0.5139825344085693, 0.6365346312522888, 0.5144662261009216, 0.48204904794692993]
[0.4402010142803192, 0.4261898696422577, 0.5397984981536865, 0.40965351462364197, 0.4989772439002991]
[0.4979173541069031, 0.49658724665641785, 0.6237666010856628, 0.5597246289253235, 0.7123503684997559]
[0.5302931070327759, 0.5322656035423279, 0.5230549573898315, 0.6719849109649658, 0.460912823677063]
[0.5306335687637329, 0.53828364610672, 0.5622895956039429, 0.7246220707893372, 0.697246789932251]
[0.5174209475517273, 0.6904635429382324, 0.4546900689601898, 0.5060397982597351, 0.5715218782424927]
[0.5037338733673096, 0.5416281819343567, 0.5640169382095337, 0.545586347579956, 0.5279926657676697]
[0.5240592360496521, 0.5787547826766968, 0.6101904511451721, 0.5605678558349609, 0.39459341764450073]
[0.5155463814735413, 0.5592041611671448, 0.5435752272605896, 0.4926477074623108, 0.4124338626861572]
[0.5235174894332886, 0.5276002287864685, 0.6752386689186096, 0.4509601891040802, 0.7072165608406067]
[0.5311212539672852, 0.5465739369392395, 0.5238901972770691, 0.4717903435230255, 0.3894314765930176]
[0.6078376770019531, 0.5516377687454224, 0.5387331247329712, 0.38003435730934143, 0.44827988743782043]
[0.6527234315872192, 0.42131558060646057, 0.49211010336875916, 0.45701733231544495, 0.6221544742584229]
[0.4322746992111206, 0.4134694039821625, 0.49937254190444946, 0.39831647276878357, 0.46123239398002625]
[0.5180599689483643, 0.42529764771461487, 0.5517973899841309, 0.5161687731742859, 0.4645695090293884]
[0.5692352652549744, 0.6035277843475342, 0.6110160946846008, 0.5659445524215698, 0.7302684187889099]
[0.5683064460754395, 0.4671582877635956, 0.546756386756897, 0.5873740911483765, 0.465672105550766]
[0.538742184638977, 0.619030237197876, 0.5677983164787292, 0.7421855926513672, 0.5881597399711609]
[0.4867543578147888, 0.4301692247390747, 0.40021830797195435, 0.410393625497818, 0.42998436093330383]
[0.5952230095863342, 0.6280314922332764, 0.5492908954620361, 0.5415695309638977, 0.5084729790687561]
[0.5968043804168701, 0.6187772154808044, 0.5564463138580322, 0.449860155582428, 0.4435632526874542]
[0.4401649534702301, 0.47596752643585205, 0.6502062082290649, 0.4036065638065338, 0.4136615991592407]
[0.5631533265113831, 0.41537895798683167, 0.6489766836166382, 0.5238388180732727, 0.771710216999054]
[0.5925816893577576, 0.6307401657104492, 0.6725717186927795, 0.5451824069023132, 0.5434228181838989]
[0.640505850315094, 0.6794762015342712, 0.6370792984962463, 0.4848209023475647, 0.5094577074050903]
[0.47872281074523926, 0.6720574498176575, 0.5501895546913147, 0.5827738642692566, 0.5650940537452698]
[0.5249608755111694, 0.43876537680625916, 0.4079624116420746, 0.40084704756736755, 0.4406847059726715]
[0.6410145163536072, 0.5470757484436035, 0.5557143688201904, 0.43514785170555115, 0.4421878159046173]
[0.5550758242607117, 0.6851704120635986, 0.5719078183174133, 0.6963090896606445, 0.7342061996459961]
[0.6143627762794495, 0.6541733741760254, 0.5646042227745056, 0.5686349868774414, 0.4896681010723114]
[0.57501220703125, 0.6501008868217468, 0.5848901867866516, 0.6934047341346741, 0.7047227025032043]
[0.5202784538269043, 0.6390459537506104, 0.5229775309562683, 0.7200815081596375, 0.7498366236686707]
[0.5325173735618591, 0.5944458246231079, 0.47278961539268494, 0.6784899830818176, 0.7078239917755127]
[0.5312107801437378, 0.6363537907600403, 0.4956539571285248, 0.4358091652393341, 0.47864457964897156]
[0.6008272171020508, 0.6508476734161377, 0.42545217275619507, 0.44536763429641724, 0.40187254548072815]
[0.48233669996261597, 0.6712759137153625, 0.5471693873405457, 0.5549564957618713, 0.7477548718452454]
[0.5189497470855713, 0.6681161522865295, 0.5639327764511108, 0.7142954468727112, 0.7160464525222778]
[0.6331548690795898, 0.6542311310768127, 0.6152095198631287, 0.4377966821193695, 0.6058862805366516]
[0.6181921362876892, 0.5140426158905029, 0.37044596672058105, 0.7005161046981812, 0.6547979116439819]
[0.6664462089538574, 0.6409497261047363, 0.5458984375, 0.6962271928787231, 0.6960444450378418]
[0.5378786325454712, 0.5563045144081116, 0.5718477368354797, 0.7037579417228699, 0.7519165873527527]
[0.6316151022911072, 0.6096250414848328, 0.6075574159622192, 0.7285733222961426, 0.6367563605308533]
[0.606863260269165, 0.6646646857261658, 0.6537300944328308, 0.6879112720489502, 0.4047030508518219]
[0.5756911039352417, 0.6679256558418274, 0.5263620615005493, 0.6885051131248474, 0.6937322616577148]
[0.480885773897171, 0.6694399118423462, 0.6317682862281799, 0.6783893704414368, 0.628513514995575]
[0.5981515049934387, 0.677324116230011, 0.5412098169326782, 0.7114931344985962, 0.7236192226409912]
[0.6092987060546875, 0.6627362370491028, 0.619043231010437, 0.7120605111122131, 0.6547772288322449]
[0.6233239769935608, 0.46446749567985535, 0.5603097081184387, 0.7263131737709045, 0.5195942521095276]
[0.597503125667572, 0.4859238266944885, 0.5651188492774963, 0.7123212814331055, 0.6193770170211792]
[0.6106318831443787, 0.6556915044784546, 0.6294112801551819, 0.6933470368385315, 0.7239421606063843]
[0.6060946583747864, 0.6360365152359009, 0.6772164106369019, 0.5733923316001892, 0.7305104732513428]
[0.617857038974762, 0.5999640822410583, 0.5379520654678345, 0.7344402074813843, 0.757990300655365]
[0.5007983446121216, 0.5038955807685852, 0.6222929358482361, 0.42151954770088196, 0.6306742429733276]
[0.5078586339950562, 0.6164668202400208, 0.5781299471855164, 0.4351164400577545, 0.5391378998756409]
[0.6372888088226318, 0.6536244750022888, 0.662024199962616, 0.7220292091369629, 0.7186567187309265]
[0.5939120650291443, 0.6358327269554138, 0.5544411540031433, 0.6805558800697327, 0.6452844142913818]
[0.5734326839447021, 0.640577495098114, 0.6460953950881958, 0.6750196814537048, 0.7729668617248535]
[0.4759596586227417, 0.5330328345298767, 0.5493009686470032, 0.6991313695907593, 0.711649477481842]
[0.49907416105270386, 0.5780386328697205, 0.6379317045211792, 0.5262458920478821, 0.7223047614097595]
[0.49884656071662903, 0.49631601572036743, 0.5294194221496582, 0.5624349117279053, 0.7177297472953796]
[0.595796525478363, 0.6456018090248108, 0.6081643104553223, 0.7070321440696716, 0.747234582901001]
[0.6143604516983032, 0.6583181023597717, 0.5968185067176819, 0.7504490613937378, 0.7371383309364319]
[0.6225576400756836, 0.4220392405986786, 0.6713921427726746, 0.6931371688842773, 0.6704162359237671]
[0.5953226089477539, 0.661080002784729, 0.6115808486938477, 0.7289090752601624, 0.7064142823219299]
[0.5296623110771179, 0.430402934551239, 0.6103416085243225, 0.7165372371673584, 0.711164653301239]
[0.6094251871109009, 0.65077143907547, 0.5408298373222351, 0.729581356048584, 0.711556613445282]
[0.6116148829460144, 0.4294354319572449, 0.6707573533058167, 0.6889574527740479, 0.713257908821106]
[0.5723695755004883, 0.682988703250885, 0.5220053791999817, 0.7260214686393738, 0.6569738984107971]
[0.5624629259109497, 0.6226241588592529, 0.6191532611846924, 0.708173930644989, 0.7253149151802063]
[0.6264984011650085, 0.6894605755805969, 0.5199812054634094, 0.7217670679092407, 0.6923717260360718]
[0.5022158622741699, 0.5062296390533447, 0.6542966961860657, 0.45420634746551514, 0.7070290446281433]
[0.6314991116523743, 0.6338185667991638, 0.5558673143386841, 0.7147620916366577, 0.6247247457504272]
[0.5819655656814575, 0.6281826496124268, 0.5568984150886536, 0.6987939476966858, 0.6341236233711243]
[0.505036473274231, 0.47147342562675476, 0.44331619143486023, 0.4184718430042267, 0.6608995795249939]
[0.5673877596855164, 0.6307973265647888, 0.4991506338119507, 0.4760817587375641, 0.7454761266708374]
[0.4720543622970581, 0.47984737157821655, 0.5150464773178101, 0.5416610240936279, 0.5926903486251831]
[0.6077903509140015, 0.6641089916229248, 0.5380175113677979, 0.47297975420951843, 0.5731799602508545]
[0.5858737230300903, 0.639325737953186, 0.5642542839050293, 0.7339723110198975, 0.725509524345398]
[0.6207125186920166, 0.6507983803749084, 0.6527923941612244, 0.7261983752250671, 0.6206672191619873]
[0.6190771460533142, 0.6229318976402283, 0.5901732444763184, 0.5767686367034912, 0.5789325833320618]
[0.6418753266334534, 0.6271029114723206, 0.6804292798042297, 0.7072383761405945, 0.36121439933776855]
[0.5683208107948303, 0.5014382600784302, 0.5631828904151917, 0.5339379906654358, 0.42130619287490845]
[0.4266152083873749, 0.42214176058769226, 0.6535918116569519, 0.6566410660743713, 0.748163104057312]
[0.5001065135002136, 0.629725456237793, 0.5478071570396423, 0.5152562856674194, 0.744549572467804]
[0.557623565196991, 0.6056833863258362, 0.500378429889679, 0.6224134564399719, 0.6362930536270142]
[0.6191930174827576, 0.6769656538963318, 0.6792033910751343, 0.6932342648506165, 0.6909978985786438]
[0.5788004398345947, 0.5285136103630066, 0.5579435229301453, 0.49199366569519043, 0.4150547981262207]
[0.457391619682312, 0.41506704688072205, 0.4554342031478882, 0.23930753767490387, 0.4061373472213745]
[0.6098330020904541, 0.47618067264556885, 0.5766968131065369, 0.4987436532974243, 0.46881645917892456]
[0.5187766551971436, 0.475735604763031, 0.4441145658493042, 0.3919801115989685, 0.4987510144710541]
[0.6100505590438843, 0.6057648062705994, 0.5100650191307068, 0.7169464230537415, 0.5018784403800964]
[0.6139492392539978, 0.6148679256439209, 0.5868873000144958, 0.7083780169487, 0.7408756017684937]
[0.5174559950828552, 0.5232387781143188, 0.6530627012252808, 0.6912103295326233, 0.7160979509353638]
[0.6483103036880493, 0.6355109810829163, 0.521841287612915, 0.6966663002967834, 0.6400920152664185]
[0.5332775115966797, 0.5905232429504395, 0.5832698345184326, 0.5304586291313171, 0.5842192769050598]
[0.5019436478614807, 0.4893363118171692, 0.5338974595069885, 0.5986536145210266, 0.39505869150161743]
[0.3976766765117645, 0.3392455577850342, 0.4576348662376404, 0.4025946259498596, 0.345505028963089]
[0.5980438590049744, 0.6838135719299316, 0.5352672338485718, 0.4321967661380768, 0.6157293319702148]
[0.6326039433479309, 0.6707356572151184, 0.5383217334747314, 0.6913938522338867, 0.7085146307945251]
[0.6201555132865906, 0.6544593572616577, 0.643697202205658, 0.5780640840530396, 0.5714167952537537]
[0.4504540264606476, 0.622734785079956, 0.5603474974632263, 0.7384536862373352, 0.703742265701294]
[0.6278423070907593, 0.6262909770011902, 0.6310949921607971, 0.6206645369529724, 0.5237554907798767]
[0.5830288529396057, 0.6989587545394897, 0.5923588871955872, 0.7298956513404846, 0.6782093048095703]
[0.6098011136054993, 0.6491362452507019, 0.6969383358955383, 0.718855619430542, 0.7110915780067444]
[0.6021357774734497, 0.6410624384880066, 0.6533217430114746, 0.6995729207992554, 0.7344425320625305]
[0.5746231079101562, 0.7090166807174683, 0.6180729866027832, 0.4917563498020172, 0.6163195371627808]
[0.6561430096626282, 0.6542778611183167, 0.5473537445068359, 0.5550879836082458, 0.733289361000061]
[0.60251784324646, 0.6913594007492065, 0.5513796806335449, 0.5690670013427734, 0.6350302696228027]
[0.6364536285400391, 0.5498668551445007, 0.5486755967140198, 0.6668334603309631, 0.7342079877853394]
[0.5112608075141907, 0.5878297686576843, 0.5394881963729858, 0.5594623684883118, 0.5224621295928955]
[0.6327616572380066, 0.6154630184173584, 0.55115807056427, 0.5122222304344177, 0.5634632706642151]
[0.6387640833854675, 0.637728750705719, 0.5634227991104126, 0.458660364151001, 0.7040658593177795]
[0.6079495549201965, 0.6557578444480896, 0.563804566860199, 0.7028593420982361, 0.7019782662391663]
[0.510516345500946, 0.45526060461997986, 0.5100192427635193, 0.5232709050178528, 0.47203779220581055]
[0.6128157377243042, 0.656523585319519, 0.5040199160575867, 0.7071406841278076, 0.7389272451400757]
[0.6095297336578369, 0.6499861478805542, 0.5218873620033264, 0.5179058909416199, 0.533359169960022]
[0.6462497115135193, 0.671771228313446, 0.6304007768630981, 0.6381604671478271, 0.726839542388916]
[0.4962150752544403, 0.4607492983341217, 0.5792846083641052, 0.5286657810211182, 0.6506924629211426]
[0.6278093457221985, 0.6678661704063416, 0.633180558681488, 0.5416655540466309, 0.4353272020816803]
[0.549429714679718, 0.6883800029754639, 0.5584418773651123, 0.6670992970466614, 0.5060751438140869]
[0.5827571749687195, 0.6341453194618225, 0.6127116084098816, 0.7417982816696167, 0.7322766184806824]
[0.552174985408783, 0.4016287326812744, 0.5421292185783386, 0.5442699790000916, 0.5560827255249023]
[0.450261652469635, 0.41671809554100037, 0.31789880990982056, 0.5516412854194641, 0.515565812587738]
[0.64359450340271, 0.692486584186554, 0.5372432470321655, 0.5479599237442017, 0.7059858441352844]
[0.6379950642585754, 0.6310141086578369, 0.6224782466888428, 0.5543216466903687, 0.7123492360115051]
[0.45978787541389465, 0.42832061648368835, 0.6518269777297974, 0.6237344145774841, 0.7030544281005859]
[0.5976616740226746, 0.4653695821762085, 0.4464264214038849, 0.5746005177497864, 0.44979217648506165]
[0.5982236266136169, 0.5996447205543518, 0.571398138999939, 0.7050967812538147, 0.7593175172805786]
[0.45548832416534424, 0.4105759859085083, 0.5273968577384949, 0.6162958741188049, 0.7201107144355774]
[0.5888605117797852, 0.680013120174408, 0.6412866711616516, 0.7057068347930908, 0.7006963491439819]
[0.6596915125846863, 0.5588989853858948, 0.5509788393974304, 0.5608537197113037, 0.5456412434577942]
[0.6207283139228821, 0.6330010890960693, 0.6755216717720032, 0.7229428887367249, 0.7725783586502075]
[0.601121187210083, 0.6519719362258911, 0.6549769639968872, 0.6955282092094421, 0.7021664381027222]
[0.6744387149810791, 0.6518880724906921, 0.6323217749595642, 0.7068148255348206, 0.7047877311706543]
[0.6286218762397766, 0.5386567115783691, 0.6738817691802979, 0.6410341858863831, 0.6976154446601868]
[0.5407295823097229, 0.5232765674591064, 0.5767239332199097, 0.7222932577133179, 0.6046091318130493]
[0.6196077466011047, 0.594276487827301, 0.6512823700904846, 0.7275259494781494, 0.6974316239356995]
[0.6101136803627014, 0.5364013910293579, 0.6616708636283875, 0.6755729913711548, 0.7239372134208679]
[0.603156328201294, 0.5026402473449707, 0.5662081241607666, 0.5568138360977173, 0.532133936882019]
[0.44274401664733887, 0.5073599219322205, 0.6505149602890015, 0.5039995312690735, 0.49253737926483154]
[0.5873849391937256, 0.6590050458908081, 0.41536349058151245, 0.7565787434577942, 0.5929388999938965]
[0.6287381649017334, 0.6676830053329468, 0.45188650488853455, 0.5433361530303955, 0.6279223561286926]
[0.4424734115600586, 0.6541343927383423, 0.4982399046421051, 0.4873066544532776, 0.7257392406463623]
[0.6183225512504578, 0.3928968608379364, 0.5062715411186218, 0.5207927823066711, 0.36357516050338745]
[0.6170680522918701, 0.6473686695098877, 0.5689224004745483, 0.5271967649459839, 0.6254011392593384]
[0.6133244037628174, 0.4798118472099304, 0.5154634118080139, 0.680526614189148, 0.7293474078178406]
[0.668782114982605, 0.5828734040260315, 0.6518110632896423, 0.7365396022796631, 0.7342851161956787]
[0.567267119884491, 0.6368315815925598, 0.6268438696861267, 0.6860309839248657, 0.7183012366294861]
[0.5324581861495972, 0.6604685187339783, 0.5333169102668762, 0.46982064843177795, 0.5956031084060669]
[0.5910446643829346, 0.47260355949401855, 0.6257445812225342, 0.5138239860534668, 0.5407645106315613]
[0.5128945708274841, 0.3745095431804657, 0.5016689300537109, 0.4306861162185669, 0.47529688477516174]
[0.5917326807975769, 0.44427087903022766, 0.4797167479991913, 0.48533231019973755, 0.45319026708602905]
[0.5846747756004333, 0.409003347158432, 0.3587450683116913, 0.4298645555973053, 0.4521264135837555]
[0.4801616370677948, 0.6618103981018066, 0.6047541499137878, 0.6523118615150452, 0.5402347445487976]
[0.517604649066925, 0.6351866126060486, 0.5387824773788452, 0.5098385810852051, 0.6885319352149963]
[0.6058725118637085, 0.6457324028015137, 0.45759451389312744, 0.4579058885574341, 0.4620845913887024]
[0.5635237097740173, 0.5152308344841003, 0.5279303193092346, 0.7099810242652893, 0.7069633603096008]
[0.5965989232063293, 0.6728953719139099, 0.6033356189727783, 0.7217531800270081, 0.7135664224624634]
[0.6493804454803467, 0.61235111951828, 0.6071154475212097, 0.6197364926338196, 0.6702210307121277]
[0.3873538672924042, 0.4204407334327698, 0.3926422894001007, 0.2696109116077423, 0.42563682794570923]
[0.5186451077461243, 0.46127861738204956, 0.6722462773323059, 0.49262356758117676, 0.7226874828338623]
[0.510333776473999, 0.5042115449905396, 0.6704809665679932, 0.7362217903137207, 0.7270183563232422]
[0.5339136719703674, 0.4786470830440521, 0.5074674487113953, 0.717322051525116, 0.6918021440505981]
[0.49293383955955505, 0.467246949672699, 0.5116236805915833, 0.5088996291160583, 0.7237558364868164]
[0.4877600073814392, 0.49095991253852844, 0.5457733273506165, 0.7255319952964783, 0.5103239417076111]
[0.552986204624176, 0.5260798931121826, 0.6086592078208923, 0.366225928068161, 0.4543469548225403]
[0.4515593945980072, 0.5222792625427246, 0.6416960954666138, 0.584827721118927, 0.5342344045639038]
[0.4618528187274933, 0.48775026202201843, 0.5057817101478577, 0.46940720081329346, 0.376973956823349]
[0.5048736929893494, 0.4986068904399872, 0.5267378091812134, 0.520062267780304, 0.6251170039176941]
[0.49437981843948364, 0.5024312138557434, 0.4867568612098694, 0.4697871208190918, 0.6619863510131836]
